id,parentid,text,value
0,,中苏同盟破裂的原因和结果,0
1,0,关系/苏/中/理论/同盟/政治/冷战,4
2,0,中/苏/同盟/分歧/政治/专家/历史,4
3,0,观点/中/苏/苏联/中国/领导人/路线,4
4,0,苏/中/学者/关系/同盟/说法/中国,4
5,0,一 、中苏分歧的表现及其根源,1
6,5,苏/中/同盟/方针/党/政策/方面,4
7,5,苏联/中/苏/毛泽东/中国/会议/关系,4
8,5,苏联/苏/中/会议/中国/领导人/观点,4
9,5,中国/赫鲁晓夫/苏联/毛泽东/美国/问题/局势,4
10,5,中国/倾向/赫鲁晓夫/举动/协定/莫斯科/领导人,4
11,5,共产主义/毛泽东/中国/苏联/中共/社会主义/政策,4
12,5,苏联/中国/波兰/结果/赫鲁晓夫/道路/讲话,4
13,5,毛泽东/干部/苏联/会议/中国/彭德怀/月,4
14,5,毛泽东/月/赫鲁晓夫/人/会议/材料/苏联,4
15,5,中/苏/中共/国/双方/毛泽东/政策,4
16,5,中/月/苏/苏联/会议/苏共/中共,4
17,5,中/年代/苏/世纪/党/政策性/分歧,4
18,5,国际/中国/国家/毛泽东/中共/苏联/大国,4
19,5,经济/社会主义/苏联/时期/党/中国/经验,4
20,5,苏/中/理念/时间差/政策/分歧/必然,4
21,0,二 、中苏同盟破裂的内在逻辑,1
22,21,利益/国家/关系/双方/资本主义/阵营/苏,4
23,21,中/美国/苏/军事/结论/双方/中国,4
24,21,关系/国家/中/苏/社会主义/美国/情报,4
25,21,中/社会主义/国/苏/朋友/苏联/关系,4
26,21,关系/社会主义/国家/同盟/个性/领袖/问题,4
27,21,国家/民族/国际主义/共产党人/关系/政权/例子,4
28,21,国家/苏联/社会主义/地位/大国/平台/危机,4
29,21,关系/国家/领导/同盟/被领导/组织/原则,4
30,21,关系/国家/共产党/原则/党际/全党/上级,4
31,21,社会主义/关系/国家/共产党/地位/国际/苏联,4
32,21,关系/国家/社会主义/同盟/政治/共运/国际,4
33,21,中/苏/利益/毛泽东/社会主义/地位/苏联,4
34,0,三 、中苏分裂的结果及其影响,1
35,34,苏/中/外交/中国/毛泽东/苏共/国,4
36,34,历史/苏/国际/进程/中/同盟/关系,4
37,34,中共/中国/经济/社会主义/领导人/形势/年代,4
38,34,教条主义/斯大林/修正主义/会议/中国/道路/内政,4
39,34,政策/中国/美国/外交/外交部/苏/党,4
40,34,赫鲁晓夫/美/中国/结果/作用/英/因素,4
41,34,计划/苏共/苏联/共产主义/大跃进/中国/运动,4
42,34,赫鲁晓夫/会议/美/苏联/中国/首脑/国,4
43,34,毛泽东/中国/中共/社会主义/赫鲁晓夫/政策/道路,4
44,34,苏联/中国/理论/苏/中/苏共/修正主义,4
45,34,苏/中/苏联/美/美国/年代/格局,4
46,34,月/毛泽东/公报/文章/十二中全会/苏联/全会,4
47,34,美国/中/关系/苏/战略/月/中国,4
48,34,中国/问题/美/基辛格/美国/中/苏联,4
49,34,月/美/中/中国/双方/线/国,4
50,34,力量/苏联/年代/毛泽东/世界/中国/苏,4
51,34,苏/中/冷战/同盟/关系/美/远东,4
52,34,左派/党/结局/冷战/促进性/毛泽东/国际,4
53,34,中国/战争/美国/形势/月/苏联/兄弟,4
54,34,国际/人民日报/月/苏共/文章/共产主义/运动,4
55,34,苏共中央/苏共/党/兄弟/中共/苏斯洛夫/全会,4
56,34,国际/苏共/明确定性/共产党/兄弟/苏联/党,4
57,34,苏/中/苏联/美/力量/国际/社会主义,4